
 8

(((t8: 0.006503, t6: 0.006844): 0.005448, (t7: 0.007011, (t2: 0.003216, (t5: 0.002327, t4: 0.003259): 0.000861): 0.001778): 0.010448): 0.003927, t1: 0.018253, t3: 0.021856);

  0.003927  0.005448  0.006503  0.006844  0.010448  0.007011  0.001778  0.003216  0.000861  0.002327  0.003259  0.018253  0.021856

 -1.954215 -1.180423 -1.674514 -1.172717 -0.818002 -1.365292 -17.421716 -6.722318 -75.736850 -12.205682 -5.987228 -0.214938 -0.165761


Hessian

 -7.987e+07 -1.567e+06  7.352e+05  7.943e+05 -3.419e+05   8.54e+05  1.046e+06   1.03e+06  8.418e+05  9.581e+05  1.517e+06 -3.789e+06 -2.618e+06
 -1.567e+06 -7.208e+07 -1.906e+06 -1.236e+06 -3.046e+06  8.845e+05  6.377e+05   1.28e+06  -9.96e+05    6.4e+05  1.089e+06  3.651e+05  4.468e+05
  7.352e+05 -1.906e+06 -6.946e+07 -1.299e+06  7.806e+05  9.593e+05  1.408e+06  9.205e+05  8.251e+05   5.81e+05  1.107e+06  7.912e+05   8.43e+05
  7.943e+05 -1.236e+06 -1.299e+06 -6.573e+07  5.621e+05  1.005e+06  1.081e+06  1.186e+06  4.553e+05  1.234e+06  1.801e+06   8.45e+05  1.017e+06
 -3.419e+05 -3.046e+06  7.806e+05  5.621e+05 -4.138e+07   1.41e+06  -2.32e+06  8.182e+05   5.45e+05  1.312e+06  8.528e+05  5.909e+05  5.627e+05
   8.54e+05  8.845e+05  9.593e+05  1.005e+06   1.41e+06 -6.734e+07 -6.917e+06  1.931e+05 -3.141e+05  8.568e+05  1.039e+06  1.136e+06  8.702e+05
  1.046e+06  6.377e+05  1.408e+06  1.081e+06  -2.32e+06 -6.917e+06 -2.398e+08 -3.938e+05  -5.03e+06 -7.741e+04  3.641e+05  9.433e+05  8.116e+05
   1.03e+06   1.28e+06  9.205e+05  1.186e+06  8.182e+05  1.931e+05 -3.938e+05  -1.55e+08 -8.639e+06  5.072e+05   6.67e+05  1.145e+06  1.383e+06
  8.418e+05  -9.96e+05  8.251e+05  4.553e+05   5.45e+05 -3.141e+05  -5.03e+06 -8.639e+06 -5.052e+08 -1.099e+07 -5.429e+06   8.78e+05  9.812e+05
  9.581e+05    6.4e+05   5.81e+05  1.234e+06  1.312e+06  8.568e+05 -7.741e+04  5.072e+05 -1.099e+07 -2.125e+08 -6.124e+05  1.357e+06  1.129e+06
  1.517e+06  1.089e+06  1.107e+06  1.801e+06  8.528e+05  1.039e+06  3.641e+05   6.67e+05 -5.429e+06 -6.124e+05 -1.487e+08  1.455e+06  1.458e+06
 -3.789e+06  3.651e+05  7.912e+05   8.45e+05  5.909e+05  1.136e+06  9.433e+05  1.145e+06   8.78e+05  1.357e+06  1.455e+06 -2.208e+07  9.167e+05
 -2.618e+06  4.468e+05   8.43e+05  1.017e+06  5.627e+05  8.702e+05  8.116e+05  1.383e+06  9.812e+05  1.129e+06  1.458e+06  9.167e+05 -1.829e+07

 8

(((t8: 0.004814, t6: 0.005118): 0.003789, (t7: 0.004790, (t2: 0.002400, (t5: 0.001713, t4: 0.002248): 0.000518): 0.001052): 0.006787): 0.002487, t1: 0.011383, t3: 0.013785);

  0.002487  0.003789  0.004814  0.005118  0.006787  0.004790  0.001052  0.002400  0.000518  0.001713  0.002248  0.011383  0.013785

 -12.466186 -10.723423 -6.945662 -17.085558 -14.377503 -23.447517 -27.772796  7.267541 -93.474423 -12.836956 -12.321933  6.764149 -1.471002


Hessian

 -1.302e+08 -2.215e+06  1.968e+05  4.563e+05 -1.644e+06  4.106e+04  7.877e+05  1.179e+06 -1.179e+06 -3.008e+05  1.116e+06 -6.196e+06 -4.548e+06
 -2.215e+06 -1.052e+08 -3.722e+06 -2.895e+06  -4.95e+06  1.074e+06  9.601e+05  1.163e+06 -3.211e+06  9.095e+05  1.774e+06 -1.355e+04  2.855e+05
  1.968e+05 -3.722e+06 -9.436e+07 -1.967e+06  2.641e+05  6.141e+05  5.454e+05   7.06e+05 -2.107e+05  8.913e+05  5.633e+05  6.234e+05  4.861e+05
  4.563e+05 -2.895e+06 -1.967e+06 -8.827e+07  1.121e+05  8.777e+05   5.09e+05  5.835e+05     -374.9 -2.151e+05  9.069e+05  2.934e+05  7.359e+05
 -1.644e+06  -4.95e+06  2.641e+05  1.121e+05 -6.512e+07  1.715e+06 -3.467e+06   5.54e+05  8.876e+05  8.982e+05  8.287e+05  1.788e+05   1.96e+05
  4.106e+04  1.074e+06  6.141e+05  8.777e+05  1.715e+06 -1.005e+08  -9.26e+06 -3.741e+05 -9.872e+05 -1.789e+05  7.237e+05   4.77e+05  5.894e+05
  7.877e+05  9.601e+05  5.454e+05   5.09e+05 -3.467e+06  -9.26e+06 -4.152e+08 -2.973e+06 -1.227e+07 -2.941e+06 -1.316e+06  3.615e+05   4.78e+05
  1.179e+06  1.163e+06   7.06e+05  5.835e+05   5.54e+05 -3.741e+05 -2.973e+06 -2.095e+08 -1.122e+07 -7.979e+05  3.827e+05  4.677e+05  1.076e+06
 -1.179e+06 -3.211e+06 -2.107e+05     -374.9  8.876e+05 -9.872e+05 -1.227e+07 -1.122e+07 -8.453e+08 -1.437e+07 -8.771e+06  1.077e+06   3.19e+05
 -3.008e+05  9.095e+05  8.913e+05 -2.151e+05  8.982e+05 -1.789e+05 -2.941e+06 -7.979e+05 -1.437e+07  -2.91e+08 -1.402e+06  7.368e+05  6.748e+05
  1.116e+06  1.774e+06  5.633e+05  9.069e+05  8.287e+05  7.237e+05 -1.316e+06  3.827e+05 -8.771e+06 -1.402e+06 -2.166e+08  1.297e+06  1.018e+06
 -6.196e+06 -1.355e+04  6.234e+05  2.934e+05  1.788e+05   4.77e+05  3.615e+05  4.677e+05  1.077e+06  7.368e+05  1.297e+06  -3.69e+07  8.608e+05
 -4.548e+06  2.855e+05  4.861e+05  7.359e+05   1.96e+05  5.894e+05   4.78e+05  1.076e+06   3.19e+05  6.748e+05  1.018e+06  8.608e+05  -3.04e+07

 8

(((t8: 0.019846, t6: 0.019632): 0.019506, (t7: 0.026321, (t2: 0.011372, (t5: 0.008059, t4: 0.009075): 0.003374): 0.008474): 0.043511): 0.015811, t1: 0.071149, t3: 0.086970);

  0.015811  0.019506  0.019846  0.019632  0.043511  0.026321  0.008474  0.011372  0.003374  0.008059  0.009075  0.071149  0.086970

 -0.294531 -0.248359 -0.172366 -0.107323 -0.084786 -0.216084 -0.680502 -0.368916 -3.635607 -0.552594 -0.677212  0.025540  0.086216


Hessian

 -1.463e+07 -1.016e+06  1.196e+05   1.47e+05 -8.033e+04  1.426e+05  1.203e+05   1.97e+05  1.537e+04  1.063e+05  1.678e+05 -1.131e+06 -7.252e+05
 -1.016e+06 -1.673e+07 -3.955e+05 -3.326e+05 -1.062e+06  2.895e+05 -4.845e+04  3.464e+05  9.148e+04  2.894e+05  2.412e+05  6.495e+04  1.358e+05
  1.196e+05 -3.955e+05 -2.056e+07 -1.766e+06  2.222e+05  2.575e+05  1.317e+05  1.896e+05  2.281e+05  2.685e+05   1.81e+05  2.473e+05  2.697e+05
   1.47e+05 -3.326e+05 -1.766e+06 -2.063e+07  2.157e+05    2.8e+05  2.114e+05   2.35e+05  2.302e+05  3.216e+05   1.89e+05  2.686e+05  2.713e+05
 -8.033e+04 -1.062e+06  2.222e+05  2.157e+05 -8.399e+06  3.179e+05 -8.952e+05  9.438e+04   4.98e+04  8.353e+04   7.33e+04  2.392e+05  2.375e+05
  1.426e+05  2.895e+05  2.575e+05    2.8e+05  3.179e+05 -1.591e+07 -3.593e+06  2.066e+05  -3.33e+05  1.676e+05  6.735e+04  2.783e+05  2.888e+05
  1.203e+05 -4.845e+04  1.317e+05  2.114e+05 -8.952e+05 -3.593e+06 -4.055e+07 -2.487e+05  -1.64e+06  -1.48e+05  -1.62e+05  2.869e+05  2.739e+05
   1.97e+05  3.464e+05  1.896e+05   2.35e+05  9.438e+04  2.066e+05 -2.487e+05 -4.114e+07 -5.048e+06 -3.274e+05 -9.515e+04  3.624e+05  3.472e+05
  1.537e+04  9.148e+04  2.281e+05  2.302e+05   4.98e+04  -3.33e+05  -1.64e+06 -5.048e+06 -1.177e+08 -2.982e+06 -1.629e+06  2.688e+05  2.986e+05
  1.063e+05  2.894e+05  2.685e+05  3.216e+05  8.353e+04  1.676e+05  -1.48e+05 -3.274e+05 -2.982e+06  -5.87e+07 -1.261e+06  3.227e+05  3.435e+05
  1.678e+05  2.412e+05   1.81e+05   1.89e+05   7.33e+04  6.735e+04  -1.62e+05 -9.515e+04 -1.629e+06 -1.261e+06 -5.134e+07  3.006e+05  3.475e+05
 -1.131e+06  6.495e+04  2.473e+05  2.686e+05  2.392e+05  2.783e+05  2.869e+05  3.624e+05  2.688e+05  3.227e+05  3.006e+05 -4.636e+06  2.553e+05
 -7.252e+05  1.358e+05  2.697e+05  2.713e+05  2.375e+05  2.888e+05  2.739e+05  3.472e+05  2.986e+05  3.435e+05  3.475e+05  2.553e+05 -3.706e+06
